100
5103067
9299449
10000000
4751053
983469
6716541
5
7783893
3323191
4
8248729
3410821
7742461
2360890
9999971
6
8697851
9999930
9999163
6463741
9999997
5094841
9999162
7
9999991
6987083
3855409
1144
4461643
8763892
928009
4461642
9999995
7762723
1750607
7551991
1264969
9999973
4046177
2896297
1403870
8460583
9999161
9325574
8291470
9999931
9999996
9999972
592432
5388168
6537523
6735763
9999929
12
3
615403
8
6697461
8237213
3132736
5001361
2
559513
9999998
1281246
9987391
6513281
5331653
1
8873129
3191803
11
9999999
3023326
2610613
390548
4461641
9682616
9971849
2872729
4572049
2044523
3949061
9010879
9
10
9309119
6704676
140839
3702389
1862603
13
1221469
7203246
9516811
3929879
5462959
6865010
4170220
8603593
